76561197991272318
76561198022292556
76561198105987835
76561198111034630
76561198144238903
76561198156040849
76561198171200427
76561198205848843
76561198262751236
76561198298163936
76561198344316711
76561198375936535
76561198820444962
76561198844479708
76561198967628969
76561199000918559
76561199004338183
76561199060612843
76561199061637615
76561199114338861
76561199115033747
76561199180685548
76561199214310539
76561199385094595
76561199395175875
76561199500948883
76561199517697568
76561199820601277
76561199830167780
